# z f f(1sigma)
1.000000e-01 5.864782e-01 5.864782e-03
2.000000e-01 6.389593e-01 6.389593e-03
3.000000e-01 6.853340e-01 6.853340e-03
4.000000e-01 7.258683e-01 7.258683e-03
5.000000e-01 7.610882e-01 7.610882e-03
6.000000e-01 7.915333e-01 7.915333e-03
7.000000e-01 8.178440e-01 8.178440e-03
8.000000e-01 8.404780e-01 8.404780e-03
9.000000e-01 8.598434e-01 8.598434e-03
1.000000e+00 8.763987e-01 8.763987e-03
1.100000e+00 8.906732e-01 8.906732e-03
1.200000e+00 9.029413e-01 9.029413e-03
1.300000e+00 9.134552e-01 9.134552e-03
1.400000e+00 9.225581e-01 9.225581e-03
1.500000e+00 9.305537e-01 9.305537e-03
