# z f f(1sigma)
1.000000e-01 5.771837e-01 5.771837e-03
2.000000e-01 6.279454e-01 6.279454e-03
3.000000e-01 6.729566e-01 6.729566e-03
4.000000e-01 7.131223e-01 7.131223e-03
5.000000e-01 7.485339e-01 7.485339e-03
6.000000e-01 7.792415e-01 7.792415e-03
7.000000e-01 8.057875e-01 8.057875e-03
8.000000e-01 8.287316e-01 8.287316e-03
9.000000e-01 8.483220e-01 8.483220e-03
1.000000e+00 8.651573e-01 8.651573e-03
1.100000e+00 8.795974e-01 8.795974e-03
1.200000e+00 8.919436e-01 8.919436e-03
1.300000e+00 9.029057e-01 9.029057e-03
1.400000e+00 9.125753e-01 9.125753e-03
1.500000e+00 9.209524e-01 9.209524e-03
1.600000e+00 9.280484e-01 9.280484e-03
1.700000e+00 9.342277e-01 9.342277e-03
1.800000e+00 9.397094e-01 9.397094e-03
1.900000e+00 9.445553e-01 9.445553e-03
2.000000e+00 9.488269e-01 9.488269e-03
