# z f f(1sigma)
# chi2=0.6609364217538949 pchi2=0.7009475514996426
1.000000e-01 5.898092e-01 5.898092e-03
2.000000e-01 6.385159e-01 6.385159e-03
3.000000e-01 6.908284e-01 6.908284e-03
4.000000e-01 7.333862e-01 7.333862e-03
5.000000e-01 7.544816e-01 7.544816e-03
6.000000e-01 7.928756e-01 7.928756e-03
7.000000e-01 8.058902e-01 8.058902e-03
8.000000e-01 8.311234e-01 8.311234e-03
9.000000e-01 8.619825e-01 8.619825e-03
1.000000e+00 8.685239e-01 8.685239e-03
1.100000e+00 8.834668e-01 8.834668e-03
1.200000e+00 8.979277e-01 8.979277e-03
1.300000e+00 9.044804e-01 9.044804e-03
1.400000e+00 9.184884e-01 9.184884e-03
1.500000e+00 9.233847e-01 9.233847e-03
